0 10 13 14 12 12 14 
10 0 10 14 12 10 11 
13 10 0 15 10 15 10 
14 14 15 0 13 11 15 
12 12 10 13 0 11 11 
12 10 15 11 11 0 11 
14 11 10 15 11 11 0 
