0 157 611 117 341 452 579 773 370 343 
157 0 170 696 238 669 302 633 111 427 
611 170 0 95 829 14 661 118 871 754 
117 696 95 0 37 535 308 996 419 456 
341 238 829 37 0 854 454 908 806 455 
452 669 14 535 854 0 646 262 400 799 
579 302 661 308 454 646 0 139 982 423 
773 633 118 996 908 262 139 0 887 59 
370 111 871 419 806 400 982 887 0 578 
343 427 754 456 455 799 423 59 578 0 
